0.2367	0.1725	0.2435	0.0092	0.0022	0.0800	0.0023	0.9576	0.0030	0
0.3060	0.1949	0.3132	0.0101	0.0021	0.0934	0.0022	0.9258	0.0048	0
0.4411	0.3384	0.4554	0.0112	0.0008	0.0241	0.0008	0.9386	0.0046	0
0.2838	0.2449	0.3075	0.0064	0.0008	0.0107	0.0009	0.9283	0.0106	0
0.3035	0.2253	0.3151	0.0117	0.0023	0.0622	0.0024	0.8996	0.0065	0
0.3262	0.2222	0.3369	0.0112	0.0014	0.0430	0.0014	0.9696	0.0023	0
0.4611	0.3837	0.4894	0.0077	0.0058	0.0996	0.0061	0.8799	0.0092	0
0.3740	0.2205	0.3938	0.0012	-0.0537	-1.0671	-0.0565	1.3713	-0.0231	0
0.5968	0.4893	0.6498	0.0243	0.0026	0.0318	0.0028	0.6953	0.0032	0
0.3577	0.2987	0.3753	0.0243	-0.0822	-1.7435	-0.0862	1.2671	-0.0182	0
0.5583	0.2454	0.5947	0.0203	-0.0135	-0.2207	-0.0144	1.3492	-0.0144	0
0.2836	0.1447	0.3000	0.0171	0.0026	0.0480	0.0028	0.9428	0.0055	0
0.2280	0.1454	0.2340	0.0054	-0.0026	-0.1008	-0.0026	1.0199	-0.0012	0
0.4311	0.3284	0.4505	0.0043	0.0053	0.1239	0.0056	0.8602	0.0070	0
0.2177	0.1722	0.2259	0.0189	0.0021	0.0566	0.0021	0.9249	0.0049	0
0.3935	0.2672	0.4103	0.0230	0.0082	0.1995	0.0085	0.7977	0.0155	1
0.4497	0.2676	0.4606	0.0120	0.0055	0.2359	0.0057	0.8029	0.0141	1
0.3667	0.2366	0.3767	0.0174	0.0051	0.1920	0.0052	0.8543	0.0113	1
0.4074	0.2764	0.4397	0.0156	0.0043	0.0582	0.0046	0.8846	0.0095	1
0.4571	0.2871	0.4731	0.0234	0.0032	0.0945	0.0033	0.8837	0.0095	1
0.3373	0.2114	0.3531	0.0348	0.0034	0.0761	0.0036	0.7933	0.0183	1
0.3598	0.3171	0.3792	0.0306	0.0083	0.1630	0.0088	0.8651	0.0108	1
0.4322	0.2723	0.4453	0.0181	0.0048	0.1633	0.0050	0.8760	0.0093	1
0.4298	0.3012	0.4430	0.0193	0.0063	0.2111	0.0065	0.8067	0.0144	1
0.3347	0.2009	0.3423	0.0105	0.0032	0.1457	0.0033	0.8900	0.0067	1
0.3130	0.2345	0.3246	0.0067	0.0041	0.1160	0.0043	0.8595	0.0100	1
0.3747	0.1970	0.3956	0.0321	0.0070	0.1324	0.0074	0.8604	0.0100	1
0.3059	0.2081	0.3144	0.0159	0.0030	0.1110	0.0031	0.9060	0.0061	1
0.3358	0.2211	0.3469	0.0283	0.0114	0.3566	0.0117	0.7188	0.0210	1
0.3930	0.2019	0.4062	0.0203	0.0085	0.2639	0.0088	0.8613	0.0113	1
